0.999998 0.001913 0.000073 0.000769
-0.001913 0.999998 0.000514 -0.001630
-0.000072 -0.000514 1.000000 0.000095
0.000000 0.000000 0.000000 1.000000
