0.999997 0.002129 0.001502 0.000147
-0.002131 0.999997 0.001487 -0.000782
-0.001499 -0.001490 0.999998 -0.000073
0.000000 0.000000 0.000000 1.000000
